0 0.370605 0.5394 0.00878906 0.0206379
0 0.348145 0.507505 0.00878906 0.0243902
0 0.287109 0.650094 0.0117188 0.0243902
0 0.320801 0.5 0.00878906 0.0206379
0 0.368652 0.384615 0.00683594 0.0150094
0 0.271484 0.457786 0.00976562 0.0225141
0 0.32666 0.378049 0.00878906 0.0168856
0 0.290039 0.374296 0.0078125 0.0168856
0 0.313965 0.364916 0.00683594 0.0168856
0 0.148438 0.379925 0.0078125 0.0168856
0 0.166504 0.38743 0.00878906 0.0168856
0 0.251465 0.432458 0.00878906 0.0168856
0 0.606445 0.543152 0.00976562 0.0206379
0 0.547363 0.546904 0.0107422 0.0243902
0 0.499023 0.571295 0.00976562 0.0243902
0 0.465332 0.559099 0.00878906 0.0225141
0 0.420898 0.541276 0.00976562 0.0243902
0 0.550293 0.41182 0.00683594 0.0168856
0 0.497559 0.398687 0.00683594 0.0168856
0 0.455566 0.403377 0.00878906 0.0150094
0 0.408691 0.410882 0.00683594 0.0150094
0 0.743164 0.4803 0.0078125 0.0187617
0 0.793945 0.483114 0.0078125 0.0168856
0 0.711914 0.437148 0.0078125 0.0187617
0 0.658203 0.530019 0.00976562 0.0206379
0 0.796875 0.423077 0.0078125 0.0168856
0 0.59082 0.382739 0.0078125 0.0187617
0 0.687012 0.382739 0.00683594 0.0187617
0 0.623047 0.484053 0.0078125 0.0187617
0 0.731934 0.438086 0.00683594 0.0168856
0 0.750488 0.421201 0.00878906 0.0168856
0 0.839355 0.441839 0.00683594 0.0168856
0 0.898926 0.400563 0.00683594 0.0168856
0 0.887207 0.434334 0.00683594 0.0168856
0 0.152344 0.9606 0.0136719 0.0450281
0 0.185547 0.412758 0.0078125 0.0150094
0 0.40332 0.359287 0.00585938 0.0131332
0 0.489258 0.36773 0.00585938 0.0150094
